  #     Track     Sec       Enter        Init        Comp        Wait       Serve     TmInSys
  1         0       0        13.8        13.8        13.9           0         0.1         0.1
  2        79      23        49.6        49.6       288.9           0       239.3       239.3
  7        16       6       279.6       288.9       479.2         9.3       190.3       199.6
 15        17      18       430.2       479.2       483.4          49         4.2        53.2
  5        21       5       179.4       483.4       497.1         304        13.7       317.7
 16        30       1       461.4       497.1       526.7        35.7        29.6        65.3
 10        40      12       338.6       526.7       557.8       188.1        31.1       219.2
  4        43      10       142.6       557.8       569.6       415.2        11.8         427
 17        45      10       483.6       569.6       578.6          86           9          95
  3        47      14       127.6       578.6         585         451         6.4       457.4
  8        52      21       294.3         585       600.7       290.7        15.7       306.4
 18        66      20       517.3       600.7       645.6        83.4        44.9       128.3
  6        72      14       241.2       645.6         666       404.4        20.4       424.8
 12        99      29       388.8         666       748.5       277.2        82.5       359.7
 13         0       0       393.4       748.5      1045.6       355.1       297.1       652.2
 14         6      12       426.9      1045.6      1064.8       618.7        19.2       637.9
 11         9      15       365.3      1064.8      1074.1       699.5         9.3       708.8
 19        34      18       541.6      1074.1      1149.4       532.5        75.3       607.8
  9        89       6       318.5      1149.4      1316.2       830.9       166.8       997.7
