  #     Track     Sec       Enter        Init        Comp        Wait       Serve     TmInSys
  1         0       0        13.8        13.8        13.9           0         0.1         0.1
  2        79      23        49.6        49.6       288.9           0       239.3       239.3
  6        72      14       241.2       288.9         312        47.7        23.1        70.8
  8        52      21       294.3         312       372.7        17.7        60.7        78.4
  3        47      14       127.6       372.7         390       245.1        17.3       262.4
  4        43      10       142.6         390       404.6       247.4        14.6         262
 10        40      12       338.6       404.6       413.8          66         9.2        75.2
  5        21       5       179.4       413.8       473.1       234.4        59.3       293.7
 15        17      18       430.2       473.1       486.4        42.9        13.3        56.2
  7        16       6       279.6       486.4       491.2       206.8         4.8       211.6
 11         9      15       365.3       491.2       513.1       125.9        21.9       147.8
 14         6      12       426.9       513.1       524.8        86.2        11.7        97.9
 13         0       0       393.4       524.8       544.6       131.4        19.8       151.2
 16        30       1       461.4       544.6       634.7        83.2        90.1       173.3
 17        45      10       483.6       634.7       680.6       151.1        45.9         197
  9        89       6       318.5       680.6       815.2       362.1       134.6       496.7
 12        99      29       388.8       815.2       847.5       426.4        32.3       458.7
 18        66      20       517.3       847.5       948.6       330.2       101.1       431.3
 19        34      18       541.6       948.6      1047.4         407        98.8       505.8
