  #     Track     Sec       Enter        Init        Comp        Wait       Serve     TmInSys
  1         0       0        13.8        13.8        13.9           0         0.1         0.1
  2        79      23        49.6        49.6       288.9           0       239.3       239.3
  6        72      14       241.2       288.9         312        47.7        23.1        70.8
  8        52      21       294.3         312       372.7        17.7        60.7        78.4
  3        47      14       127.6       372.7         390       245.1        17.3       262.4
  4        43      10       142.6         390       404.6       247.4        14.6         262
 10        40      12       338.6       404.6       413.8          66         9.2        75.2
  5        21       5       179.4       413.8       473.1       234.4        59.3       293.7
 15        17      18       430.2       473.1       486.4        42.9        13.3        56.2
  7        16       6       279.6       486.4       491.2       206.8         4.8       211.6
 16        30       1       461.4       491.2       535.7        29.8        44.5        74.3
 17        45      10       483.6       535.7       581.6        52.1        45.9          98
 18        66      20       517.3       581.6       645.6        64.3          64       128.3
  9        89       6       318.5       645.6       716.2       327.1        70.6       397.7
 19        34      18       541.6       716.2       882.4       174.6       166.2       340.8
 11         9      15       365.3       882.4       960.1       517.1        77.7       594.8
 12        99      29       388.8       960.1      1231.5       571.3       271.4       842.7
 14         6      12       426.9      1231.5      1511.8       804.6       280.3      1084.9
 13         0       0       393.4      1511.8      1531.6      1118.4        19.8      1138.2
