  #     Track     Sec       Enter        Init        Comp        Wait       Serve     TmInSys
  1         0       0        13.8        13.8        13.9           0         0.1         0.1
  2        79      23        49.6        49.6       288.9           0       239.3       239.3
  3        47      14       127.6       288.9         387       161.3        98.1       259.4
  4        43      10       142.6         387       401.6       244.4        14.6         259
  5        21       5       179.4       401.6       470.1       222.2        68.5       290.7
  6        72      14       241.2       470.1         624       228.9       153.9       382.8
  7        16       6       279.6         624       794.2       344.4       170.2       514.6
  8        52      21       294.3       794.2       903.7       499.9       109.5       609.4
  9        89       6       318.5       903.7      1016.2       585.2       112.5       697.7
 10        40      12       338.6      1016.2      1163.8       677.6       147.6       825.2
 11         9      15       365.3      1163.8      1257.1       798.5        93.3       891.8
 12        99      29       388.8      1257.1      1528.5       868.3       271.4      1139.7
 13         0       0       393.4      1528.5      1825.6      1135.1       297.1      1432.2
 14         6      12       426.9      1825.6      1844.8      1398.7        19.2      1417.9
 15        17      18       430.2      1844.8      1878.4      1414.6        33.6      1448.2
 16        30       1       461.4      1878.4      1918.7        1417        40.3      1457.3
 17        45      10       483.6      1918.7      1964.6      1435.1        45.9        1481
 18        66      20       517.3      1964.6      2028.6      1447.3          64      1511.3
 19        34      18       541.6      2028.6      2127.4        1487        98.8      1585.8
