       138         0         0
       496        79        23
      1276        47        14
      1426        43        10
      1794        21         5
      2412        72        14
      2796        16         6
      2943        52        21
      3185        89         6
      3386        40        12
      3653         9        15
      3888        99        29
      3934         0         0
      4269         6        12
      4302        17        18
      4614        30         1
      4836        45        10
      5173        66        20
      5416        34        18